0 25.0
0 50.0
25 0
0 25
25 0
0 25
25 0
0 25
25 0
50 0
75 0
100 0
0 25
25 0
50 0
75 0
100 0
0 25
25 0
50 0
75 0
100 0
0 25
25 0
50 0
75 0
100 0
0 25
25 0
50 0
75 0
100 0
125 0
0 25
0 50
25 0
50 0
0 25
25 0
0 25
25 0
50 0
0 25
25 0
0 25
25 0
50 0
75 0
0 25
25 0
50 0
75 0
100 0
0 25
25 0
50 0
75 0
0 25
0 50
25 0
0 25
25 0
0 25
25 0
0 25
25 0
0 25
0 50
25 0
50 0
0 25
0 50
25 0
50 0
0 25
0 50
25 0
0 25
25 0
0 25
25 0
0 25
25 0
0 25
25 0
0 25
25 0
0 25
0 50
25 0
50 0
0 25
0 50
25 0
50 0
0 25
0 50
25 0
0 25
25 0
0 25
25 0
0 25
25 0
0 25
25 0
0 25
25 0
0 25
0 50
25 0
50 0
0 25
0 50
0 75
0 100
25 0
0 25
0 50
0 75
0 100
0 125
0 125
0 125
0 125
0 125
0 125
0 125
0 125
0 125
0 125
0 125
0 125
0 125
0 125
0 125
0 125
0 125
0 125
0 125
0 125
0 125
0 125
0 125
25 0
0 25
0 50
0 75
0 100
0 125
0 125
25 0
0 25
0 50
0 75
25 0
50 0
0 25
0 50
25 0
50 0
0 25
0 50
25 0
50 0
0 25
25 0
50 0
75 0
100 0
125 0
125 0
125 0
0 25
25 0
50 0
75 0
0 25
25 0
0 25
25 0
0 25
0 50
0 75
0 100
0 125
0 125
25 0
50 0
0 25
0 50
25 0
0 25
25 0
50 0
75 0
100 0
125 0
125 0
0 25
0 50
25 0
0 25
0 50
0 75
0 100
0 125
0 125
25 0
50 0
0 25
0 50
25 0
50 0
75 0
100 0
0 25
25 0
0 25
25 0
0 25
25 0
50 0
0 25
25 0
0 25
25 0
50 0
0 25
25 0
0 25
25 0
50 0
0 25
25 0
50 0
0 25
25 0
50 0
75 0
0 25
25 0
50 0
75 0
100 0
0 25
25 0
50 0
75 0
100 0
0 25
25 0
50 0
75 0
100 0
0 25
25 0
50 0
75 0
0 25
0 50
0 75
0 100
0 125
25 0
50 0
0 25
25 0
0 25
25 0
0 25
25 0
0 25
0 50
0 75
0 100
0 125
25 0
50 0
0 25
25 0
0 25
25 0
0 25
25 0
0 25
25 0
0 25
0 50
25 0
50 0
0 25
0 50
25 0
50 0
0 25
0 50
25 0
0 25
25 0
0 25
25 0
0 25
25 0
0 25
25 0
0 25
25 0
0 25
0 50
25 0
50 0
0 25
0 50
25 0
50 0
0 25
0 50
25 0
0 25
25 0
0 25
25 0
0 25
25 0
0 25
25 0
0 25
25 0
0 25
0 50
25 0
50 0
0 25
0 50
25 0
50 0
0 25
0 50
25 0
0 25
25 0
0 25
25 0
0 25
25 0
0 25
25 0
0 25
25 0
0 25
0 50
25 0
50 0
0 25
0 50
25 0
50 0
0 25
0 50
25 0
0 25
25 0
0 25
25 0
753.68
1000.00
75.37
